.Random.seed <-
c(403L, 10L, 1489048272L, -1235147730L, 2109753817L, -596691477L, 
-1450401702L, 879153692L, 996410143L, -656107659L, -179012084L, 
-2053683230L, 762727613L, 991595319L, -1313950754L, 320270616L, 
1765274747L, -1839920615L, 1994750632L, -489877418L, 1865616593L, 
1107122307L, 74828562L, 521899684L, -1789781401L, 967160765L, 
1153355060L, 586065562L, -531344155L, -350593L, -470839290L, 
-1607183472L, -1768456653L, -1032057391L, 442429312L, 1973944926L, 
2117999017L, 713078875L, 153862250L, 1490874636L, -498160817L, 
440768517L, -1257879876L, 720166802L, 909028493L, -1861215545L, 
-479519826L, -92662264L, -291550709L, -1875416343L, 271496632L, 
369013350L, -1217937663L, 1035418003L, -2027777470L, 904467956L, 
1650757623L, 1926386669L, -1304740732L, -126664022L, 1163474965L, 
-257261393L, 1523617462L, 1631796448L, -1785249757L, 814333761L, 
1367933488L, -660520882L, -135921479L, -504916789L, -257894022L, 
1967580284L, 1553354943L, 215471509L, 1747387820L, -375701630L, 
-1049655971L, 177232983L, -2062255298L, 2135573368L, 379474011L, 
972199865L, -1232181752L, 1652757686L, -511421455L, -246071773L, 
-1843470734L, 1936057540L, 1715090055L, -938366371L, 263122004L, 
-1868618118L, -905374267L, 1488049951L, 1010234022L, 2119676976L, 
1765402323L, -1686633231L, -1874313184L, -1932151106L, 2086699721L, 
-1230915461L, 320476746L, -686566740L, -1382373969L, -590420635L, 
1177719580L, -2112391310L, 387632109L, -655762393L, 1057530958L, 
1742334120L, -1621260629L, 828011465L, -94777384L, -800602490L, 
848936801L, -1280838925L, -111719070L, -956814380L, -549810473L, 
-860130099L, -753544092L, -1449526710L, 1942380469L, 585974543L, 
-491814890L, -1954903360L, 490384515L, -847873887L, 483700368L, 
-401502866L, 1756732185L, 467984299L, 1924595098L, 875243868L, 
-718012321L, -1675136971L, 1359807436L, -1006598366L, 1775630717L, 
-385731977L, 1574308766L, -1880737192L, -1950141509L, 1967592793L, 
-1734988056L, 1620430614L, 1826554001L, -1376748221L, 1607960658L, 
2050882276L, -694690521L, 1260422525L, -604074892L, -763652518L, 
-1203809627L, -1879508801L, -370046138L, -1863239216L, -746484749L, 
2047570705L, -942456000L, 886115102L, 837899241L, -365971173L, 
1767625514L, -1645538228L, -962438129L, 1574967109L, -1193099012L, 
1122611026L, 1892851917L, 1826394247L, 1975112558L, -1875876536L, 
-1457893045L, 1837589673L, 2001122808L, -1479672538L, -1626923455L, 
-686696493L, 304827778L, -724491852L, 678694199L, 531367981L, 
-1710181052L, -1790266774L, 1103011029L, -1120847249L, -1129566346L, 
-119590752L, -749672093L, -2116023807L, -945882768L, 1065838862L, 
-148210823L, 1758704395L, 311999546L, -648062148L, -1551986561L, 
1559524309L, 1060003308L, -936251582L, -2041392995L, 713935127L, 
1133920382L, 760879160L, 151301915L, 864861305L, 1360110792L, 
1919878390L, 1322226993L, 1480820067L, 1761494834L, -1656254332L, 
-302650169L, -180338787L, -662090988L, -513238598L, -861573115L, 
946709983L, -649987994L, -2034726928L, 1763348755L, -1958113615L, 
-2048972448L, -1240285442L, -685073783L, -1379780440L, -1062339188L, 
-965641796L, -423675854L, 128715584L, 606738100L, -630017720L, 
-1604984134L, 1924732688L, -965310228L, -1776650156L, 1383182098L, 
1465962912L, 1855762380L, -582092960L, -1175821118L, -2144719320L, 
-1396233812L, -886594756L, 1034965874L, -1572620496L, 1034618916L, 
149593656L, 1373676250L, -819046512L, 1788046588L, 1127523732L, 
-1384492222L, 1746033152L, -1063405508L, 2066397776L, -1568374622L, 
-1862450360L, 2032284172L, -665292068L, 572041298L, -88261504L, 
772525908L, 1838776296L, 389253882L, 898490192L, 1790952492L, 
-1181367948L, -1132882286L, 2140740192L, -1883948916L, 1029638496L, 
-1698121502L, -675887960L, 1080856268L, 1102461436L, 862299058L, 
883964912L, 1073183172L, -379114152L, 1743759738L, 163699120L, 
-668728900L, -888185260L, -287512126L, -1841181920L, 2118425532L, 
1868775504L, 645333986L, -1632245912L, -1654218932L, 1217142524L, 
-812007694L, 617471232L, 1812296820L, -51618296L, 505519546L, 
-935426608L, -1421541396L, 1913101204L, 1288261842L, 2070547552L, 
378180940L, -1625896160L, 495737474L, 1488421352L, 1773372396L, 
2088642108L, -30835086L, 1023603568L, 184667428L, -687379912L, 
-1874210406L, -1370659376L, -281201220L, 277956244L, 1116938882L, 
-1893014080L, 1486851900L, -2074889584L, -2045671646L, 1682159112L, 
-1310436596L, -1975989348L, -1934629870L, -561450112L, -1108448492L, 
2110129448L, -1850675142L, -716057648L, -1046164884L, -1699443660L, 
-1548978030L, -2099838624L, 1704115532L, 968977888L, 2136085410L, 
1767168936L, -455701364L, -390741060L, -1653470094L, 2106959856L, 
-1122659260L, 1235126360L, -2074353606L, 306425968L, -1072445892L, 
-1342929132L, 1837095618L, 1067885280L, -793957252L, -1579807536L, 
-1334666334L, -1162875352L, -1956263668L, -1102538820L, 1697675570L, 
-387555136L, 1633325620L, 1640229576L, -1149367622L, -1066740592L, 
-721709332L, -1709179308L, -264673646L, -2006374624L, -776169524L, 
1170866400L, 909090498L, 1425486888L, 234199980L, -1157825860L, 
-828659214L, -1391954384L, 588961700L, 1098125752L, 788710234L, 
1910445200L, -1522521220L, 1637910292L, -1054233278L, 604344064L, 
-1999580228L, 1022693200L, 1586997538L, 2084151880L, 200011788L, 
-1259006884L, -59592238L, -622305792L, -1512013484L, 324694248L, 
758407418L, 2048779984L, 1275597100L, -164241164L, 1603964306L, 
-687523488L, -2098546676L, 1674658528L, 200026722L, -336108888L, 
-2138813876L, 1842212732L, -19393230L, -1284209040L, -1632808124L, 
-619542568L, 1388676986L, 708720176L, -2102908996L, -279579052L, 
-1864757182L, 84316320L, -1823721796L, 1753156048L, -383949982L, 
71049960L, 1387618508L, 1802527228L, 148910578L, -498103680L, 
-244834828L, 1943402120L, 2093973306L, -37317808L, -6149012L, 
439402900L, 1224488018L, -956849696L, 1206779084L, -1596283744L, 
1297094018L, -1119237912L, 462845676L, -1369270980L, 473451634L, 
-661641104L, -1658978268L, 273525816L, -79540454L, 162532560L, 
-238919876L, 1593182100L, 1887548290L, 952428992L, -626098628L, 
-1829550704L, -809820638L, 83862792L, -703082868L, 362872604L, 
-1406784127L, 1950632838L, -149837372L, 2049081589L, 1450520927L, 
-266028104L, -2125484394L, 859019427L, 2004083301L, 940328834L, 
-1329087248L, -1404054375L, 770198667L, -619178628L, -1906936918L, 
393429983L, -1138243223L, 1190061438L, -1441979028L, -627606083L, 
-142909817L, -1467233680L, 1948963086L, -1311556037L, -1899082467L, 
-1883195446L, 1722638568L, 1154782161L, 827987395L, 1663225540L, 
1531680114L, 936724551L, -1240990703L, -1846461034L, -1934868236L, 
-1689245051L, -1119370289L, -1790506296L, 1301326694L, -234663533L, 
936434421L, -790850862L, -2018656992L, 145683721L, 1386361403L, 
2004576140L, 721741338L, 25296527L, -927278631L, -825790866L, 
1223519740L, -1626646675L, 1290322199L, -132485920L, -1540881730L, 
-1554444149L, 152235789L, 1485561658L, -251119752L, 916860193L, 
-1098158637L, -1460065036L, 1670514050L, -588439529L, -1615436063L, 
981827622L, 47281444L, 565206485L, 237076863L, -914735080L, -20332746L, 
-2127910461L, -888494075L, 381537186L, 800298896L, -334744775L, 
732579819L, -153114404L, -1569687286L, -1862916097L, 1521871433L, 
-676106274L, 1999232908L, 1643196253L, 262952807L, -900928368L, 
-1635515730L, 2053193563L, -576975043L, 2050502058L, 299541064L, 
-757407119L, -479235101L, -1813299484L, -567146990L, 1441993191L, 
1674177969L, 1153448950L, -1255098860L, 1880308005L, -697195985L, 
1318950888L, 779829446L, 2041861491L, -1408385579L, 1446191538L, 
-1299644544L, 123208553L, -2043476005L, -1187909844L, 1579589946L, 
-1598373905L, 371722873L, 1119001870L, -2026261284L, 680643405L, 
1477460663L, 1513689152L, 118911262L, 214793195L, 480577389L, 
70348250L, -1230520424L, -830992895L, 354664371L, 1707945684L, 
-225937438L, 1667635831L, -2102090815L, 215368006L, -1473646460L, 
-1186089419L, -24396257L, -1854281352L, 1564469334L, 1190700259L, 
-1685384539L, 484593474L, -324907728L, 1113156953L, -2028241205L, 
263837500L, 239157098L, -1084043873L, 1827693609L, -669960514L, 
